Veo aVel £VevV aviv aviv evil evive aviv eV it Viv
13,800] 14,100] 14700] 15,100] 15,900] 16,600 17,000

3,000 15,000 16800] 18,100 18.400] 19.400] 19,700/ 20,800 21,100] 21,900
3,800 18,300{ 20,600] 22,100] 22,400] 23,500] 24,000 25,400] 26,500! 29,800
39,800; 44,400| 46,100] 48,800] 50,500

56,100| 58,500| 60,000} 67,000] 70,700

14,900

1,600 11,000 12,400 13,500 13,700 14,500 14,800 15,500 16,200 16,600
2,100 14,300 16,200| 17,600 17,900 18,900 19,400 20,300} 20,700| 21,200]
2,600 17,500 19,700} 21,400} 21,900} 23,100} 23,600} ~—24,800 26,000{ 28,900
32,300 39,400| 39,600
45,600 49,200 51,600

15,700

1,600 13,000] 15,000} ‘16,500 16,900 18,300 18,700 19,500} 20,000} 20,300
1,000 15,800| 18,300} 20,100} 20,600 22,300| 22,800 23,700} 25,100] 27,600
37,300| 38,600

49,500

52,100

13,000

12,700 13,900 14,600 16,300 17,000 17,800] 18,400 19,000
-2,300 13,000 15,500 16,900 17,800 19,900[ 20,700] 21,700) 23,100 25,900
-3,400 19,200} 22,600} 25,000 26,400 29,200} 33,000} 34,300] ~——-35,800 38,300
-4,800 27,100] 32,300 35,300 37,200| 41,400} 43,100; 45,300} _—47,100 54,300

TABLA DE KILOMETRAJE

pq Kms, Grupo 2024 2023202202120 tN tT «20K 005 0143
= 2100] 24007 4100] 7,500] 9,000] 9900] 10,500] 14,600] 12,400] 12900] 13,800] 14,100
aw -2700/ 3100 5300 9900] 11800 + 12900/ 13700/ 15,100] 16,200 16.900] 17,500] 18,100
30,000 3300] 3,700 6500[ 12,000 14300] 16,700/ 16,700/  1@400| 19,700] 20,600] 24,900| 24,600
Kms. 5000] 6500/9600] 17,800] 21,200] 23,300| 24,700] 27,400} 31,200] 92,600] 33,600 36,200
7,000] 7,700} 13,500[ 25,000] 29.900] 32,800] 34,900] 39,400} 41,000) 43,000 44,600 51,400
-3000[ 1,200] 3400] 6800 6200| _9200/ 9800/ 10,500] 11,900] 17,800 12,800] 13,00
eal -4000| 1,600[ 4,400] 9,000] 10,800) 12100| 12.600] 13,800] 14,700| 16,500] —16,300| 16,700
36,000 -4900| 1,900] 5400/1090] 13,100] 14,700| 15,00] 16,700] 17,900]  18,800/ 20,400 22,700
Kms. 7,200] 2,800] 8,000] 16,100] 19,400] 21,800] 22,800! 24,800]  28,300/ 0,100] _34,000| 33,000
3900] 11,200|22,700| 27,400| 30,700[ 32,400] 34,900] 37,400] 39,200] 41,100
4,100 2700{ 6900, 7,400] 8500} 8,900} 9400] 9,900] 10,600] 11,000] 11,900
om 5400 3500{ 7,800] 9700] 11,100) 11,600} 12,400] 13,000} 13,900] 14,800] 18,600
40,000 6600 4300/9500] 17,900| 1350014200 16,000 16,900] 16.900] 18,600/ 21,100
Kms. 14,000] 17,600] 20,000] 20,300] 22,100] 25,100
: 24700/ _28,200| 29,500] _31,200| 33,000
-6,100[ -2000[ _1,700[ 4800; 6500/ 7.5001 7,800] 8,900] 9,100] 9700]  10500| 11,200
ant 6700| _-2600| 2,900] _600/ 8600/ 9,700} 10200) 10,900] 11,900] 12,700}  13,400| 14,600
50,000 8,200 -3,200|2,800[ 7,600" to,s00|17,900| 12500[18,a00[ 14500 16.400/ —16800| 19,900
Kms, 22,900
30,100
50,004
60,000
Kms,

Be

VEN

BVEE

evel

avev

avi’

ae

VEE

adel

ait

aviv

-8,100| —-4,100 -1,300 2,000 3,800 5,000] 5,500 6,100 7,000 7,300 8,200 9,000
10,600 -6,400 -1,700 2,600 5,000 6,500 7,200 8,000 9,100 9,600} 10,400] ‘11,800
12,900 -6,600 -2,100 3,200 6,100 7,900 8,800 9,700 11,100
4,600 9,000} 11,700 13,000 14,400 17,600
6500} 12,700} 16,500 18,300] 20,200) 23,200
-9,600 -5,500 -2,800 2,800 3,800 4,500 5,100 6,300
-12,500|__-7,200 -3,700 3,700 5,000 5,900 6,700 8,200 8,700 9,000} 10,800
-15,300 -8,800 -4,500 4,400 6,100 7,200 8,200 10,000 10,600 14,200] 14,700

15,800

20,900

TABLA DE KILOMETRAJE

Kms. Grupo 2024 2023 2022 2021 2020 2019 2048 2017 2016 2015 2014 2013

‘a 18,200] -11,200] __-7,500] —--4700] ~——-2,100 1,900] 2500] 3000] 3400] ~— 3,700] 4,400

< 110,001 -23,900| -14600/ -9,800} 6,200] ~—_-2,800 2,500 3,200 3,900 4,400 4,700 5,700
420,000 -29,200| -17,900| 12,000] 7,600} -3,400 3,000] 3,900| 4,800 5,300] 5,900] —_7,800
Kms. ~43,200|  -26,500| _ -17,700] -11,300] _-5,100 4,500| 5,800 7,500 8,100] 8,900

-60,900| _-37,400| _-25,100] _-16,000 -7,200 6,300 8,200 9,900 11,100] _ 12,000
-21,800{ -12,700| __-8,800 -6,700 -2,800 -1,600 1,400 1,900 2,200 2,500 2,800
-28,600| —-16,700| __-11,600 -7,400|___-3,700 -2,100 1,800 2,400 2,800 3,300 | 3,600 4,200
734,900| -20,300| —-14,200 -9,100 ~4,500 -2,600 2,200 2,900 3,500 4,000 4,500 5,600
Kms. |D. 751,700} -30,100| -21,000| —_-13,500 -6,700 -3,900 3,200 4,300 5,400 6,400 6,800
-12,900| -42,500| _-29,600| —_-19,000 -9,500 4.400 6,100 7,200 8,300 9,300
-22,700| __-14,700 -6,600 -3,700 -1,900 1,300 1,700 2,000 2,300 2,800

mane -29,800| _-19,300 -8,600 4,900 -2,500 1,700 2,200 2,600 2,900 3,600
140,000/¢ | -36400| 23,600] -16000] _-10,500 6,000 -3,100 | _2,100 2,600 3,200 3,600 4,900
Kms. -3,800| _-34,900| _-23,700| __-15,600 8,900 ~4,600 3,100 4.200 5,100

=

-75,900| 49,200] -33,400| _-22,100] -12,600] 6.500 4,300] 5,500] _6,600
-25,100| -16,900} -10.900] 7,400] + 4900] + -2700] ~—-1,000 1,000 1,300 1,700 1,900] 2,400
140,001/B | -32.900|  -22.200[ 14,300] -9.700]  -6400/ _-3,600| 1,400 1,300 1,600 2,200 2,400 3,200
450.000 (| 40.100 -27,100/ _-17,500] 11,800) -7.800/ 44001 1.700 1500] 2,000] ——-2,700 3,200] 4,300

Kins. ~40,100 -17,500} _ -11,600 -6,500 -2,500 2,200
-56,500 -24,700| _-16,300 9,100| _-3,600 3,100
-11,000 -6,600 -2,900 -1,700 1,000 1,500 1,700 2,100

-14,400 8,700 -3,900 -2,200 1,300 1,900 2,100 2,700
~17,600} —_-10,600 4,700 -2,700 1,600 2,300 2,700 3,700
-26,100| _-15,700 -7,000 -4,100 2,600 3,600 4,000 4,900

| an gan AD 4nn, ADA, ey np ory aT PEt we

auto

aie

avi

1,200

1,400

1,700

1,500

1,700

2,300

1,800

2,300

2,900

3,500

3,700

5,200
1,100

1,400

1,900

1,100

1,500

-1,200

400

-1,600

600

-2,000

900

-3,200

1,300

~4,100

2,100

